# Run:  mapbbr_016_     Thu Nov 09 00:02:34 2017                                  
# slot 5 #2 MAPbBr3   annealed T=70 K;  Pb edge sample at 60 deg.  trans; no ref  
# Gains 2e7 5e7 2e7  slits 0.4X6  detune 40% (to 60% max) at edge                 
# 4-1 phi=0                                                                       
#                                                                                 
#                                                                                 
# TABLEVERT: 20.536508	TABLEHORZ: 12.526984	DETHOR: 225.000000	VERTGAP1: 0.400000	
# Region: Pb-L10.rgn      Detector: trans.det                                     
# SSRL BEAMLINE                                                                   
#                                                                                 
# TRANSMISSION; P= -1.00 REMOVED FROM     0. TO 12980. EV, ORDER=  4              
# Used Victoreen formula with Pb LIII                                             
# Normalized by edge height:  0.3217                                              
# SPL:E0=13040.00; 5 FIX KNOTS FROM 13054.33-13428.54(K=10.1);P=1.00              
#   SPL KNOTS(28 max):  14.33 107.26 200.18 293.11 386.03                         
# k-SPACE-WINDOW ENDPTS=  3.30,  9.70;SIG= 0.200;SHIFT=  0.00eV;POWER OF k=  1    
#  *** Average of   6 Files; MULT. Factor=  1.0000  1.0000  1.0000  1.0000  1.0000
#    1.00                                                                         
#  Files: cam_mapbr/rs/014b1gg      cam_mapbr/rs/014b2gg      cam_mapbr/rs/014b3gg
#         cam_mapbr/rs/016b1g       cam_mapbr/rs/016b2g       cam_mapbr/rs/016b3g 
#                                                                                 
# r-SPACE ENDPTS=  1.90,  3.40;SIG= 0.100;R-SHIFT= 0.000; WINDOW REMOVED=YES      
# ----------------------------------------------------
  2.97592282 -0.150899068  0.147294864
  3.00660253 -0.121270701  0.0871331319
  3.03728199 -0.0957779586  0.0490904115
  3.06796169 -0.0747714713  0.0252148975
  3.0986414 -0.0578899272  0.0104185408
  3.12932086 -0.0445265546  0.00143849931
  3.16000056 -0.0340453573 -0.00382187474
  3.19068003 -0.0258718841 -0.00671248557
  3.22135973 -0.0195219778 -0.00810386054
  3.25203943 -0.0146031715 -0.00855786819
  3.2827189 -0.0108048571 -0.00843745749
  3.3133986 -0.00788482279 -0.00797717087
  3.3440783 -0.00565586891 -0.00732876314
  3.37475777 -0.00397427334 -0.00659088604
  3.40543747 -0.00272975513 -0.00582835823
  3.43611717 -0.00183749595 -0.00508485129
  3.46679664 -0.00123165944 -0.00439099455
  3.49747634 -0.000860006257 -0.00376977748
  3.52815604 -0.000679688936 -0.00323976483
  3.55883551 -0.000653727271 -0.00281693251
  3.58951521 -0.000748201564 -0.00251544407
  3.62019467 -0.000930115115 -0.00234760833
  3.65087438 -0.00116583123 -0.00232325005
  3.68155408 -0.00142019778 -0.00244864612
  3.71223354 -0.00165632123 -0.00272522867
  3.74291325 -0.00183601398 -0.00314830104
  3.77359295 -0.00192083919 -0.0037058969
  3.80427241 -0.00187361077 -0.00437801983
  3.83495212 -0.00166026421 -0.00513632502
  3.86563182 -0.00125184888 -0.00594440801
  3.89631128 -0.000626522058 -0.00675860234
  3.92699099  0.000228669029 -0.00752928667
  3.95767069  0.0013151553 -0.00819581095
  3.98835015  0.00262606982 -0.00871895812
  4.01902962  0.00413976936 -0.00903286692
  4.04970932  0.00582280057 -0.00908522215
  4.08038902  0.00762992213 -0.0088290805
  4.11106873  0.00950501394 -0.00822538231
  4.14174843  0.0113824373 -0.00724525796
  4.17242765  0.0131889079 -0.00587211456
  4.20310736  0.0148457568 -0.00410339795
  4.23378706  0.0162716303 -0.00195189728
  4.26446676  0.0173854176  0.000553431746
  4.29514647  0.0181094091  0.00336722773
  4.32582617  0.0183725115  0.00642803963
  4.35650539  0.0181134846  0.00965935644
  4.3871851  0.0172839817  0.0129711758
  4.4178648  0.0158513393  0.0162621886
  4.4485445  0.0138010206  0.0194227193
  4.47922421  0.0111384615  0.0223377123
  4.50990391  0.00789044518  0.0248905886
  4.54058313  0.00410571462  0.0269671381
  4.57126284 -0.000145073369  0.0284596197
  4.60194254 -0.00477023004  0.029270947
  4.63262224 -0.00965867285  0.0293187145
  4.66330194 -0.0146823199  0.0285389666
  4.69398117 -0.0196991935  0.0268895905
  4.72466087 -0.024557244  0.0243531372
  4.75534058 -0.0290986802  0.0209390093
  4.78602028 -0.0331647359  0.0166848563
  4.81669998 -0.0366007537  0.0116571113
  4.84737968 -0.0392614454  0.00595059386
  4.87805891 -0.0410161018 -0.000312796154
  4.90873861 -0.0417535268 -0.00698636426
  4.93941832 -0.0413868763 -0.0139019778
  4.97009802 -0.0398575068 -0.0208739284
  5.00077772 -0.0371385366 -0.0277039222
  5.03145695 -0.033237353 -0.0341865718
  5.06213665 -0.0281971935 -0.0401153266
  5.09281635 -0.0220976844 -0.0452888943
  5.12349606 -0.0150542278 -0.0495176129
  5.15417576 -0.00721624121 -0.0526298918
  5.18485546  0.00123571337 -0.0544782877
  5.21553469  0.0100939786 -0.0549451783
  5.24621439  0.0191287901 -0.0539477132
  5.27689409  0.0280942358 -0.0514418893
  5.3075738  0.0367348604 -0.0474256054
  5.3382535  0.044793006 -0.0419406109
  5.36893272  0.0520163514 -0.0350731052
  5.39961243  0.0581656396 -0.0269530676
  5.43029213  0.063022539 -0.0177520849
  5.46097183  0.0663965866 -0.00768011343
  5.49165154  0.0681322441  0.00301934173
  5.52233124  0.0681146532  0.0140750948
  5.55301046  0.0662746206  0.0251951665
  5.58369017  0.0625923127  0.0360746533
  5.61436987  0.0570996404  0.0464041717
  5.64504957  0.0498810895  0.0558787249
  5.67572927  0.0410731174  0.0642067492
  5.70640898  0.0308619197  0.0711190701
  5.7370882  0.0194796361  0.0763774589
  5.76776791  0.00719908113  0.0797825083
  5.79844761 -0.00567280175  0.0811806172
  5.82912731 -0.0188028645  0.0804698393
  5.85980701 -0.0318405256  0.0776044056
  5.89048624 -0.0444272943  0.072597526
  5.92116594 -0.0562071092  0.0655228943
  5.95184565 -0.0668362454  0.0565140471
  5.98252535 -0.0759937763  0.0457622632
  6.01320505 -0.0833912119  0.0335125364
  6.04388475 -0.0887816474  0.0200580172
  6.07456398 -0.0919677988  0.00573276728
  6.10524368 -0.0928088501 -0.00909674354
  6.13592339 -0.0912257209 -0.0240413137
  6.16660309 -0.0872047767 -0.0386995114
  6.19728279 -0.0807996541 -0.0526688807
  6.22796202 -0.0721311271 -0.0655572712
  6.25864172 -0.0613851547 -0.0769942105
  6.28932142 -0.0488088839 -0.0866417289
  6.32000113 -0.034704823 -0.0942046568
  6.35068083 -0.019423414 -0.0994396806
  6.38136053 -0.00335403602 -0.102163166
  6.41203976  0.013085559 -0.102257475
  6.44271946  0.0294600967 -0.099675186
  6.47339916  0.0453290232 -0.0944417492
  6.50407887  0.0602587536 -0.0866557956
  6.53475857  0.0738348737 -0.0764875934
  6.56543779  0.0856741667 -0.0641751587
  6.5961175  0.0954357013 -0.050018616
  6.6267972  0.102830961 -0.0343725383
  6.6574769  0.10763257 -0.0176368039
  6.6881566  0.10968139 -0.000245832227
  6.71883631  0.108891763  0.0173430983
  6.74951553  0.105254665  0.0346624032
  6.78019524  0.0988387764  0.0512470864
  6.81087494  0.0897892341  0.0666478351
  6.84155464  0.0783243626  0.0804436207
  6.87223434  0.0647301972  0.0922536328
  6.90291405  0.0493528359  0.101748437
  6.93359327  0.032589566  0.108659148
  6.96427298  0.0148779461  0.112785548
  6.99495268 -0.00331609487  0.114002064
  7.02563238 -0.0215109941  0.112261578
  7.05631208 -0.0392229445  0.107597202
  7.08699131 -0.0559792817  0.100121662
  7.11767101 -0.0713316426  0.0900244415
  7.14835072 -0.0848684609  0.0775668547
  7.17903042 -0.0962265953  0.0630748719
  7.20971012 -0.105101332  0.0469302833
  7.24038982 -0.111255072  0.0295601431
  7.27106905 -0.11452385  0.0114250388
  7.30174875 -0.114821985 -0.00699373847
  7.33242846 -0.112144426 -0.0252074972
  7.36310816 -0.106566779 -0.042733606
  7.39378786 -0.0982430726 -0.0591091923
  7.42446709 -0.0874014571 -0.0739033818
  7.45514679 -0.074337557 -0.0867295265
  7.48582649 -0.0594061837 -0.0972556844
  7.5165062 -0.0430112742 -0.105213501
  7.5471859 -0.0255944524 -0.110405542
  7.5778656 -0.00762266759 -0.112710245
  7.60854483  0.0104248608 -0.11208494
  7.63922453  0.0280699562 -0.10856656
  7.66990423  0.0448487513 -0.102270104
  7.70058393  0.0603243969 -0.0933848396
  7.73126364  0.0740989149 -0.0821685418
  7.76194286  0.0858238935 -0.0689398125
  7.79262257  0.0952097178 -0.0540686734
  7.82330227  0.102032945 -0.037965849
  7.85398197  0.106141932 -0.021071123
  7.88466167  0.107460178 -0.00384050189
  7.91534138  0.105987601  0.0132661099
  7.9460206  0.101799682  0.0297979899
  7.97670031  0.0950444043  0.0453258865
  8.00738049  0.0859372541  0.0594535954
  8.03805923  0.0747542828  0.0718285069
  8.06873894  0.0618236177  0.0821507946
  8.09941864  0.0475155935  0.090180859
  8.13009834  0.0322319195  0.0957450569
  8.16077805  0.0163939148  0.0987395272
  8.19145775  0.000430575397  0.0991318524
  8.22213745 -0.015233485  0.0969607234
  8.25281715 -0.0301896892  0.0923335999
  8.28349686 -0.0440566242  0.0854225308
  8.31417656 -0.0564900488  0.0764579922
  8.34485626 -0.0671917647  0.0657215714
  8.37553501 -0.0759170055  0.0535366833
  8.40621471 -0.0824800059  0.0402591825
  8.43689442 -0.0867579952  0.0262664799
  8.46757412 -0.0886931792  0.0119465776
  8.49825382 -0.0882928818 -0.00231291051
  8.52893353 -0.0856277868 -0.0161356442
  8.55961323 -0.0808284506 -0.0291667338
  8.59029293 -0.0740801319 -0.0410821438
  8.62097263 -0.0656162649 -0.0515969135
  8.65165234 -0.0557106175 -0.0604721494
  8.68233204 -0.0446685739 -0.0675204843
  8.71301079 -0.0328176804 -0.0726098567
  8.74369049 -0.0204978883 -0.0756656751
  8.77437019 -0.00805155933 -0.0766712576
  8.8050499  0.0041861725 -0.0756665692
  8.8357296  0.0158965476 -0.0727454051
  8.8664093  0.026785899 -0.0680509284
  8.897089  0.0365927927 -0.0617702864
  8.92776871  0.0450945683 -0.0541277491
  8.95844841  0.0521123149 -0.0453771353
  8.98912811  0.0575144142 -0.0357936919
  9.01980782  0.0612186529 -0.0256654546
  9.05048656  0.0631927922 -0.0152846435
  9.08116627  0.0634536371 -0.00493921526
  9.11184597  0.0620647781  0.00509517267
  9.14252567  0.0591329597  0.0145626236
  9.17320538  0.0548033752  0.0232334975
  9.20388508  0.0492539667  0.0309099872
  9.23456478  0.0426890329  0.0374304578
  9.26524448  0.0353321843  0.0426726677
  9.29592419  0.0274191573  0.0465555936
  9.32660389  0.0191904921  0.0490400381
  9.35728359  0.0108841453  0.0501278192
  9.38796234  0.00272901589  0.0498600416
  9.41864204 -0.00506152119  0.0483139865
  9.44932175 -0.0122950785  0.0455992073
  9.48000145 -0.0188048687  0.0418527909
  9.51068115 -0.0244534034  0.0372339897
  9.54136086 -0.0291350856  0.0319184028
  9.57204056 -0.0327777006  0.0260919891
  9.60272026 -0.035342887  0.0199450143
  9.63339996 -0.036825452  0.0136661129
  9.66407967 -0.0372518189  0.00743677048
  9.69475937 -0.0366774425  0.00142622495
  9.72543812 -0.0351835787 -0.00421291403
  9.75611782 -0.032873325 -0.00934841204
  9.78679752 -0.0298672151 -0.0138712348
  9.81747723 -0.0262985677 -0.0176975317
  9.84815693 -0.0223084204 -0.0207696967
  9.87883663 -0.0180409495 -0.0230565667
  9.90951633 -0.0136385942 -0.0245527588
  9.94019604 -0.00923775695 -0.0252771731
  9.97087574 -0.00496488344 -0.0252708588
  10.0015554 -0.000933059666 -0.0245942399
  10.0322351  0.00276069622 -0.0233238805
  10.0629139  0.00603749044 -0.0215488859
  10.0935936  0.00883785076 -0.0193671919
  10.1242733  0.0111223496 -0.0168816317
  10.154953  0.0128714582 -0.0141962124
  10.1856327  0.014084748 -0.0114125339
  10.2163124  0.0147795007 -0.00862651691
  10.2469921  0.0149887791 -0.00592551846
  10.2776718  0.0147590693 -0.0033859543
  10.3083515  0.0141476421 -0.00107148231
  10.3390312  0.0132195409  0.000968343229
  10.3697109  0.0120447837  0.00269864569
  10.4003906  0.0106952749  0.0040994049
  10.4310694  0.00924199913  0.00516497204
  10.4617491  0.00775241945  0.00590311736
  10.4924288  0.00628813589  0.00633363891
  10.5231085  0.00490295468  0.0064865863
  10.5537882  0.00364138861  0.0064002173
  10.5844679  0.00253760768  0.00611876976
  10.6151476  0.00161483872  0.0056901318
  10.6458273  0.000885271758  0.00516351312
  10.676507  0.000350417424  0.00458722468
  10.7071867  1.8687731E-06  0.00400661398
  10.7378664 -0.00017758664  0.00346225384
  10.7685452 -0.000212533021  0.00298841181
  10.7992249 -0.00013327242  0.00261194375
  10.8299046  2.60231609E-05  0.00235141465
  10.8605843  0.000229129218  0.00221683364
  10.891264  0.0004396984  0.00220956933
  10.9219437  0.000623031054  0.00232276437
  10.9526234  0.00074772822  0.00254204706
  10.9833031  0.000787121244  0.00284654857
  11.0139828  0.000720446289  0.00321017415
  11.0446625  0.000533697021  0.0036030577
  11.0753422  0.000220163114  0.00399313448
  11.1060209 -0.000219348527  0.00434775418
  11.1367006 -0.00077665539  0.00463529909
  11.1673803 -0.0014366667  0.00482668821
  11.19806 -0.00217811507  0.00489676464
  11.2287397 -0.00297456351  0.00482547376
  11.2594194 -0.00379559491  0.00459880894
  11.2900991 -0.00460818084  0.00420946069
  11.3207788 -0.00537814805  0.00365723157
  11.3514585 -0.00607162109  0.00294905831
  11.3821383 -0.0066565196  0.00209882972
  11.412818 -0.00710389158  0.00112684246
  11.4434967 -0.00738917012  5.90572527E-05
  11.4741764 -0.00749319885 -0.00107390573
  11.5048561 -0.00740306592 -0.00223792251
  11.5355358 -0.00711265905 -0.00339669338
  11.5662155 -0.00662296871 -0.00451310817
  11.5968952 -0.00594211929 -0.00555064995
  11.6275749 -0.00508509856 -0.0064747734
  11.6582546 -0.00407324499 -0.00725418516
  11.6889343 -0.00293350406 -0.0078620147
  11.719614 -0.00169746543 -0.00827678666
  11.7502937 -0.000400250981 -0.00848319568
  11.7809725  0.000920734019 -0.00847264752
  11.8116522  0.00222712639 -0.00824355986
  11.8423319  0.00348091475 -0.00780137302
  11.8730116  0.00464575831 -0.00715834927
  11.9036913  0.00568822352 -0.00633308757
  11.934371  0.00657889759 -0.00534985866
  11.9650507  0.00729332538 -0.00423771143
  11.9957304  0.00781279057 -0.00302945962
  12.0264101  0.00812485069 -0.00176051189
  12.0570898  0.0082236696 -0.000467664649
  12.0877695  0.00811008736  0.000812139187
  12.1184483  0.00779147865  0.00204303581
  12.149128  0.00728136115  0.00319141336
  12.1798077  0.00659883441  0.00422695978
  12.2104874  0.00576780038  0.00512358081
  12.2411671  0.00481607346  0.00586015172
  12.2718468  0.00377434539  0.00642107939
  12.3025265  0.00267508905  0.006796645
  12.3332062  0.00155145838  0.00698315166
  12.3638859  0.000436167553  0.00698285131
  12.3945656 -0.000639583857  0.0068036546
  12.4252453 -0.00164707471  0.00645868108
  12.455924 -0.00256091752  0.00596562168
  12.4866037 -0.00335977972  0.00534597877
  12.5172834 -0.00402690936  0.0046241763
  12.5479631 -0.00455052825  0.00382664078
  12.5786428 -0.0049239709  0.00298081036
  12.6093225 -0.00514570391  0.00211416488
  12.6400023 -0.0052191033  0.00125329569
  12.670682 -0.00515212305  0.000423030724
  12.7013617 -0.00495676231 -0.000354320568
  12.7320414 -0.00464845076 -0.00105960143
  12.7627211 -0.00424531661 -0.0016773215
  12.7933998 -0.00376737886 -0.00219598319
  12.8240795 -0.00323575013 -0.0026082641
  12.8547592 -0.00267180405 -0.00291102845
  12.8854389 -0.00209636218 -0.00310518895
  12.9161186 -0.0015289858 -0.00319541991
  12.9467983 -0.000987309148 -0.00318973651
  12.977478 -0.000486506848 -0.00309898169
  13.0081577 -3.88633089E-05 -0.00293621141
  13.0388374  0.000346502988 -0.0027160428
  13.0695171  0.000663790619 -0.00245396094
  13.1001968  0.000910515664 -0.00216564606
  13.1308765  0.00108739315 -0.0018662865
  13.1615553  0.00119807862 -0.00157001032
  13.192235  0.00124880497 -0.00128932216
  13.2229147  0.00124794419 -0.00103469356
  13.2535944  0.00120548613 -0.000814217725
  13.2842741  0.00113245298 -0.000633399817
  13.3149538  0.00104036275 -0.000495074259
  13.3456335  0.000940634287 -0.000399431388
  13.3763132  0.000844026625 -0.000344163709
  13.4069929  0.000760169933 -0.000324705034
  13.4376726  0.000697127602 -0.000334580778
  13.4683523  0.000661941071 -0.000366313674
  13.4990311  0.000657432072 -0.00041034419
  13.5297108  0.000686092884 -0.000457520975
  13.5603905  0.000747687067 -0.000498431094
  13.5910702  0.000839967572 -0.000524120231
  13.6217499  0.000958931749 -0.000526494463
  13.6524296  0.00109915249 -0.000498583773
  13.6831093  0.0012541702 -0.000434704183
  13.713789  0.00141689682 -0.00033047024
  13.7444687  0.00157993275 -0.000182629097
  13.7751484  0.00173583464  1.11658337E-05
  13.8058281  0.00187718601  0.000252768805
  13.8365068  0.00199652812  0.000543935341
  13.8671865  0.00208609342  0.0008867617
  13.8978662  0.00213728589  0.00128412596
  13.928546  0.00213994109  0.00174002291
  13.9592257  0.00208128244  0.00225986354
  13.9899054  0.001944563  0.00285062031
  14.0205851  0.00170714222  0.0035208324
  14.0512648  0.00133801636  0.00428031059
  14.0819445  0.000794352614  0.0051394417
  14.1126242  1.67246944E-05  0.00610779412
  14.1433039 -0.00107749877  0.00719146105
  14.1739826 -0.00260341098  0.00838843733
  14.2046623 -0.00472167227  0.00968059152
  14.235342 -0.0076567051  0.0110197384
  14.2660217 -0.0117224483  0.0123040732
  14.2967014 -0.0173579417  0.0133383563
  14.3273811 -0.025176594  0.0137664201
  14.3580608 -0.03603255  0.0129574481
