# Run:  mapbbr_050_     Fri Nov 10 00:48:21 2017                                  
# slot 8 #2  anneal MAPbBr3   annealed T=243 K;  Br edge sample at 60 deg.  tran  
# Gains 2e7 5e7 2e7  slits 0.4X6  detune 40% (to 60% max) at edge                 
# 4-1 phi=0                                                                       
#                                                                                 
#                                                                                 
# TABLEVERT: 20.551984	TABLEHORZ: 12.526984	DETHOR: 225.000000	VERTGAP1: 0.40000  
# Region: BrK13-5.rgn      Detector: trans.det                                    
# SSRL BEAMLINE                                                                   
#                                                                                 
# TRANSMISSION; P= -1.00 REMOVED FROM     0. TO 13423. EV, ORDER=  4              
# Used Victoreen formula with Br K                                                
# Normalized by edge height:  0.5216                                              
# ----------------------------------------------------                            
# SPL:E0=13472.39;13 FIX KNOTS FROM 13497.03-14156.31(K=13.4);P=0.90              
#   SPL KNOTS(28 max):  17.88  45.93  73.98 102.03 130.08 158.13 186.18 214.22 242
#  *** Average of   6 Files; MULT. Factor=  1.0000  1.0000  1.0000  1.0000  1.0000
#    1.00                                                                         
#  Files: cam_mapbr2/ks/048b1gg_adj cam_mapbr2/ks/048b2gg_adj cam_mapbr2/ks/048b3g
#         cam_mapbr2/ks/050b1gg_adj cam_mapbr2/ks/050b2gg_adj cam_mapbr2/ks/050b3g
#                                                                                 
# ----------------------------------------------------
  0.0891526043 -0.227256536
  0.30507493 -0.124690838
  0.433811665 -0.140718117
  0.529858947 -0.125595391
  0.608887911 -0.0972497091
  0.676885903 -0.0630433485
  0.743838966 -0.0236978251
  0.802053869  0.0118048862
  0.857965469  0.0443001427
  0.911575675  0.0730869398
  0.959802389  0.0978166461
  1.00813806  0.12043345
  1.05182528  0.138608724
  1.09376895  0.151908472
  1.13540518  0.158527955
  1.17327523  0.156351253
  1.213135  0.142545775
  1.25172615  0.11691761
  1.28727186  0.0817510709
  1.32176507  0.0385258794
  1.35821533 -0.011304087
  1.39012051 -0.0569719225
  1.42221153 -0.101214014
  1.45526886 -0.14161925
  1.48586714 -0.172646984
  1.51753855 -0.196733966
  1.54615963 -0.211257994
  1.57743323 -0.219126359
  1.60578513 -0.219648659
  1.63435113 -0.214270905
  1.66173232 -0.204677895
  1.68942845 -0.191177532
  1.71585619 -0.175416306
  1.74269247 -0.156692445
  1.76912153 -0.135491312
  1.79301798 -0.113431118
  1.82005477 -0.0858498141
  1.84398651 -0.0579399467
  1.87028658 -0.0255803671
  1.89358342  0.00529259304
  1.91726589  0.0372871645
  1.94006479  0.0676106885
  1.96507943  0.0974855199
  1.98726547  0.120689683
  2.0098443  0.140953824
  2.03280306  0.157050505
  2.05606675  0.169984505
  2.07851505  0.179871961
  2.10072351  0.187765494
  2.12149143  0.193832025
  2.14325452  0.199841157
  2.16539097  0.205158994
  2.18613076  0.209109306
  2.20725679  0.212370768
  2.22875786  0.214118883
  2.24834323  0.214595258
  2.2688899  0.213298514
  2.28925204  0.210180506
  2.30888009  0.205169499
  2.32784653  0.198605776
  2.34824347  0.189928487
  2.36738205  0.179989576
  2.38373327  0.171337798
  2.40365624  0.159372091
  2.4383924  0.137768373
  2.47414351  0.115358673
  2.5099473  0.0926227197
  2.54469371  0.071017094
  2.58190274  0.0469857566
  2.61956215  0.0263006613
  2.65765285  0.00935835857
  2.69468188 -0.00389179145
  2.7331326 -0.0140541447
  2.77188253 -0.0221666005
  2.81014395 -0.0291271005
  2.84879136 -0.035145279
  2.88732123 -0.0401627161
  2.92840934 -0.0439768881
  2.96845412 -0.0452103913
  3.00886059 -0.04320544
  3.05158949 -0.0362263285
  3.09331417 -0.0243239999
  3.13411522 -0.00921392906
  3.17556286  0.00795933232
  3.21767187  0.0244694352
  3.25809574  0.0384735204
  3.30070567  0.0501500815
  3.34465098  0.0583078265
  3.38726926  0.0628025904
  3.4290216  0.0623604469
  3.47352099  0.056806758
  3.51712942  0.0462138914
  3.5605638  0.0327531844
  3.60276318  0.018605547
  3.64552927  0.00375643652
  3.69089174 -0.00966870412
  3.7336781 -0.0206033606
  3.77764297 -0.0293777194
  3.82475734 -0.0360674448
  3.87063575 -0.0401870646
  3.91535473 -0.0424181558
  3.95801425 -0.0431740582
  4.00175714 -0.04193132
  4.04692793 -0.0385002978
  4.09222651 -0.0324469879
  4.13888836 -0.0245495755
  4.18469238 -0.0165250301
  4.23063755 -0.00864320714
  4.27461958 -0.00124731089
  4.32109165  0.00529571483
  4.36621761  0.010109338
  4.41317797  0.0139277941
  4.46021795  0.0162691418
  4.5064826  0.0189441275
  4.55148888  0.0207122695
  4.59850836  0.0221449509
  4.6437273  0.0226870719
  4.68984938  0.0221065953
  4.73636103  0.0203234609
  4.78242111  0.0167183708
  4.82830667  0.012109804
  4.87454987  0.00775866443
  4.92116547  0.00346454885
  4.96860886  0.00104822393
  5.01639509 -0.00113724777
  5.06373072 -0.00363469147
  5.11115408 -0.00629831711
  5.15836573 -0.00763541041
  5.20421314 -0.00885164738
  5.251369 -0.00942478143
  5.29786348 -0.00795318466
  5.3418417 -0.00633651391
  5.38948298 -0.00375456852
  5.43833256 -0.000952800678
  5.48863983  0.000828807417
  5.53666162  0.00159083365
  5.58291531  0.00145375344
  5.63106632 -0.000206826095
  5.67792845 -0.00196923292
  5.72554922 -0.004461003
  5.77364302 -0.007217078
  5.82094288 -0.0086634187
  5.86829853 -0.00975175761
  5.91616392 -0.00985110458
  5.96428967 -0.0065393392
  6.01098585 -0.00129103556
  6.05776596  0.00220393413
  6.1050272  0.00641961722
  6.1542387  0.00890184846
  6.20471239  0.0105133476
  6.2531805  0.00710225618
  6.29903698  0.00649622222
  6.34660244  0.0010696887
  6.39543819  0.000519968977
  6.44173527 -0.00085645233
  6.48967743 -0.0010931103
  6.54024792  0.000296253012
  6.58926296  0.00341717899
  6.63523102  0.0056613707
  6.68205357  0.00697921589
  6.73161697  0.00651068799
  6.78217936  0.00454819947
  6.82955217  0.000623624073
  6.87699032 -0.00394988758
  6.92523289 -0.00973618496
  6.97426319 -0.0133337826
  7.02260399 -0.0140925376
  7.07045126 -0.013684649
  7.12053347 -0.0106556257
  7.16867495 -0.00545203639
  7.21560717 -0.00123371265
  7.26315355  0.00368866301
  7.31393242  0.00829726551
  7.36192369  0.010675367
  7.41033077  0.0103090154
  7.45773602  0.00966890249
  7.50728416  0.00706536742
  7.55599833  0.00439257501
  7.60308599  0.00197007088
  7.65343523  0.0019404022
  7.70230627  0.00163587788
  7.74954748  0.0030126553
  7.79950953  0.00356056704
  7.85018301  0.00366927288
  7.89757776  0.00366421207
  7.9447217 -0.00170209573
  7.99437904 -0.00407164358
  8.04486084 -0.00801607873
  8.09474277 -0.0115382969
  8.14305973 -0.0124888988
  8.18968296 -0.01241815
  8.2367115 -0.0105787367
  8.29006386 -0.00751449168
  8.33343506 -0.00172470033
  8.38809776  0.0015554406
  8.42991447  0.00485233916
  8.4869318  0.00765285129
  8.5292263  0.00784904975
  8.58410645  0.00715540349
  8.62883663  0.00661102729
  8.68178749  0.00360749359
  8.7284565  0.00361832161
  8.77772427  0.00319914054
  8.82571602  0.00274558458
  8.87434387  0.00249484577
  8.92464542  0.00288633606
  8.97249413  0.00142654625
  9.0212822  0.00127852021
  9.07243824 -0.00033559429
  9.12230778 -0.00203294004
  9.17066288 -0.00455318345
  9.21948719 -0.0071641379
  9.26582718 -0.00776889967
  9.31420803 -0.00737027312
  9.3679781 -0.00632217759
  9.41797161 -0.0043683257
  9.4657917 -0.00261114095
  9.51533699  0.00109571102
  9.56326103  0.00372149702
  9.61235809  0.00471595628
  9.6612196  0.00410335464
  9.70890999  0.00544169731
  9.76019096  0.00475685066
  9.80798912  0.0043105958
  9.85814381  0.00292929192
  9.90685463  0.00153859006
  9.95603466  0.00179044448
  10.0060482  0.00122148322
  10.0574207  0.00145729585
  10.1035719 -0.000210052371
  10.1528215 -0.000231612779
  10.2035427 -0.00146346667
  10.2523499 -0.00240428885
  10.3030291 -0.00371328997
  10.3507843 -0.00446307892
  10.3996401 -0.0044097933
  10.4498138 -0.00370535837
  10.4983807 -0.00372220646
  10.5459929 -0.00226873322
  10.5944204 -0.000990495668
  10.6443014  1.50547176E-05
  10.6954613  0.00262492802
  10.7444315  0.00187595608
  10.7953062  0.00259771966
  10.8448668  0.00280874758
  10.8930016  0.0014335165
  10.9440041  0.000822301197
  10.99335  0.000247937191
  11.0415335  0.00124912767
  11.0888138  0.00111314689
  11.1392899  0.00158531684
  11.1893196  0.0017551292
  11.2388191  0.000444608304
  11.2900209  0.000859992753
  11.3372374 -0.000491258455
  11.3877153 -0.000751288084
  11.4361105 -0.000980176148
  11.4849253 -0.0017252512
  11.5377789 -0.00221914868
  11.5848274 -0.00250529009
  11.6352005 -0.00144218432
  11.6824923 -0.000368494075
  11.7322721  0.000224169678
  11.782917  0.0013015226
  11.8317757  0.000821531576
  11.8822775  0.00111978513
  11.9299984  4.54626861E-05
  11.9820871  0.000411005312
  12.0305948 -0.000695044699
  12.0783882  0.000587606628
  12.1291523  0.000563411275
  12.1790743 -0.000387743436
  12.2277126 -0.000203387535
  12.2754049  0.000441243174
  12.3242874  0.000496146211
  12.3738785 -0.000202881347
  12.4221048  0.000288459327
  12.4719219  0.000503003423
  12.5259438 -0.0008880315
  12.5754223 -0.000686418905
  12.6217108 -0.000720659038
  12.6735773 -0.000782657182
  12.7234478  5.64228394E-05
  12.7716589  0.000247389893
  12.822279  0.000554608414
  12.8724308  0.000168533879
  12.9182596 -0.000432289933
  12.9695826  0.001675562
  13.0204268  0.000945439562
  13.0674248  7.72519197E-05
  13.1151237 -0.000807814999
  13.1683369 -0.000815079547
  13.2206564 -0.000222064016
  13.268115 -0.000537847751
  13.3157501 -0.000233902887
  13.3647985  0.00171521679
  13.4167051 -0.00955044478
  13.4661856 -0.0212995913
  13.5160246 -0.0348092206
  13.5648022 -0.047512237
