# Run:  mapbbr_025_     Thu Nov 09 07:18:13 2017                                  
# slot 8 #2 anneal MAPbBr3   annealed T=145 K;  Pb  edge sample at 60 deg.  trans;
# Gains 2e7 5e7 2e7  slits 0.4X6  detune 40% (to 60% max) at edge                 
# 4-1 phi=0                                                                       
#                                                                                 
#                                                                                 
# TABLEVERT: 20.551984	TABLEHORZ: 12.526984	DETHOR: 225.000000	VERTGAP1: 0.400000	
# Region: Pb-L10.rgn      Detector: trans.det                                     
# SSRL BEAMLINE                                                                   
#                                                                                 
# TRANSMISSION; P= -1.00 REMOVED FROM     0. TO 12980. EV, ORDER=  4              
# Used Victoreen formula with Pb LIII                                             
# Normalized by edge height:  0.3266                                              
# SPL:E0=13040.00; 5 FIX KNOTS FROM 13054.36-13428.54(K=10.1);P=1.00              
#   SPL KNOTS(28 max):  14.36 107.26 200.16 293.06 385.96                         
# k-SPACE-WINDOW ENDPTS=  3.30,  9.70;SIG= 0.200;SHIFT=  0.00eV;POWER OF k=  1    
#  *** Average of   6 Files; MULT. Factor=  1.0000  1.0000  1.0000  1.0000  1.0000
#    1.00                                                                         
#  Files: cam_mapbr/rs/026b1gg      cam_mapbr/rs/026b2gg      cam_mapbr/rs/026b3gg
#         cam_mapbr/rs/025b1g       cam_mapbr/rs/025b2g       cam_mapbr/rs/025b3g 
#                                                                                 
# r-SPACE ENDPTS=  1.90,  3.40;SIG= 0.100;R-SHIFT= 0.000; WINDOW REMOVED=YES      
# ----------------------------------------------------
  3.28271914 -0.0197345112 -0.0370100141
  3.31339884 -0.0076084272 -0.0228393562
  3.3440783 -0.00188080035 -0.0127722779
  3.37475801  0.000298787927 -0.00588013697
  3.40543771  0.000586049689 -0.001350587
  3.43611717 -6.87765132E-05  0.00146415178
  3.46679688 -0.00113003596  0.00305513549
  3.49747634 -0.00230327155  0.00378251914
  3.52815604 -0.00343293836  0.0039048472
  3.55883574 -0.0044417656  0.00360464188
  3.58951521 -0.00529506942  0.00300902827
  3.62019491 -0.00598002691  0.0022057367
  3.65087461 -0.00649366062  0.00125509256
  3.68155408 -0.00683608884  0.000198969559
  3.71223378 -0.00700689573 -0.000932525843
  3.74291348 -0.00700350432 -0.00211601262
  3.77359295 -0.0068206517 -0.00333100301
  3.80427265 -0.00645080628 -0.00455695111
  3.83495235 -0.00588512281 -0.00577098876
  3.86563182 -0.00511495676 -0.00694641564
  3.89631152 -0.00413367664 -0.00805174652
  3.92699099 -0.00293874368 -0.00905049127
  3.95767069 -0.00153384078 -0.00990176015
  3.98835039  6.91840178E-05 -0.0105614094
  4.01903009  0.00184872048 -0.0109840576
  4.0497098  0.00377241313 -0.0111255683
  4.08038902  0.00579688512 -0.0109458202
  4.11106873  0.00786833465 -0.0104116397
  4.14174843  0.00992385577 -0.00949947536
  4.17242813  0.0118934922 -0.00819772482
  4.20310783  0.0137027698 -0.00650849147
  4.23378706  0.0152756469 -0.00444871141
  4.26446676  0.0165250804 -0.0020490319
  4.29514647  0.0174109749  0.00063835911
  4.32582617  0.0178520437  0.00355656724
  4.35650587  0.0177968238  0.00663063442
  4.38718557  0.0172067098  0.00977494288
  4.4178648  0.0160580631  0.0128954425
  4.4485445  0.0143439658  0.0158924162
  4.47922421  0.0120753897  0.0186633002
  4.50990391  0.009281951  0.0211060271
  4.54058361  0.00601198943  0.0231224168
  4.57126284  0.00233208621  0.0246215686
  4.60194254 -0.00167410716  0.025523264
  4.63262224 -0.0059076068  0.0257611349
  4.66330194 -0.0102564637  0.0252855401
  4.69398165 -0.0145986099  0.0240660366
  4.72466135 -0.0188052431  0.0220933631
  4.75534058 -0.0227445308  0.019380806
  4.78602028 -0.026285613  0.0159649085
  4.81669998 -0.0293026883  0.0119054969
  4.84737968 -0.0316792317  0.00728492206
  4.87805939 -0.0333120078  0.00220659003
  4.90873861 -0.0341148563 -0.00320721907
  4.93941832 -0.0340221934 -0.00881835911
  4.97009802 -0.0329917893 -0.0144761624
  5.00077772 -0.0310071856 -0.0200215783
  5.03145742 -0.0280792676 -0.0252916291
  5.06213713 -0.0242470652 -0.0301241316
  5.09281635 -0.0195777602 -0.0343626514
  5.12349606 -0.0141657824 -0.0378613919
  5.15417576 -0.00813106168 -0.0404900014
  5.18485546 -0.00161645096 -0.0421380065
  5.21553516  0.00521567091 -0.0427188836
  5.24621487  0.0121874791 -0.0421734862
  5.27689409  0.0191104151 -0.0404727831
  5.3075738  0.0257903095 -0.0376197584
  5.3382535  0.0320329554 -0.033650443
  5.3689332  0.0376497544 -0.0286339652
  5.3996129  0.0424633957 -0.0226716381
  5.43029213  0.0463134982 -0.0158949606
  5.46097183  0.0490616448 -0.00846285652
  5.49165154  0.0505961366 -0.000557832769
  5.52233124  0.0508360751  0.00761859771
  5.55301094  0.049734503  0.0158511437
  5.58369064  0.0472808108  0.0239165965
  5.61436987  0.0435019806  0.031590011
  5.64504957  0.0384628624  0.0386511199
  5.67572927  0.0322652943  0.0448907465
  5.70640898  0.0250461474  0.050117109
  5.73708868  0.0169742648  0.0541617125
  5.76776791  0.00824643951  0.056884706
  5.79844761 -0.00091751141  0.0581795499
  5.82912731 -0.0102805058  0.057976786
  5.85980701 -0.0195945147  0.0562468506
  5.89048672 -0.0286073238  0.0530017614
  5.92116642 -0.0370697118  0.048295632
  5.95184565 -0.044742357  0.042224016
  5.98252535 -0.0514028817  0.0349219851
  6.01320505 -0.0568524711  0.0265611187
  6.04388475 -0.0609218068  0.0173453242
  6.07456446 -0.063476406  0.0075056632
  6.10524368 -0.0644209757 -0.00270564947
  6.13592339 -0.0637027174 -0.013021986
  6.16660309 -0.061313469 -0.023169497
  6.19728279 -0.0572906174 -0.032874722
  6.22796249 -0.0517167188 -0.0418721884
  6.2586422 -0.0447178148 -0.0499119535
  6.28932142 -0.0364605188 -0.0567667484
  6.32000113 -0.0271478649 -0.062238615
  6.35068083 -0.0170141179 -0.0661647841
  6.38136053 -0.00631867256 -0.0684225485
  6.41204023  0.00466106692 -0.0689331964
  6.44271946  0.0156369116 -0.0676645413
  6.47339916  0.0263179615 -0.0646323413
  6.50407887  0.0364185907 -0.0599003062
  6.53475857  0.0456663519 -0.053578686
  6.56543827  0.0538097173 -0.0458216667
  6.59611797  0.0606250502 -0.0368233994
  6.6267972  0.0659231022 -0.0268128905
  6.6574769  0.0695543289 -0.0160479844
  6.6881566  0.0714133382 -0.00480833463
  6.71883631  0.071441941  0.00661214814
  6.74951601  0.0696310475  0.0179133322
  6.78019571  0.0660210475  0.028797064
  6.81087494  0.0607009046  0.0389754362
  6.84155464  0.0538058393  0.0481786691
  6.87223434  0.0455137677  0.0561625771
  6.90291405  0.0360403433  0.0627154186
  6.93359375  0.0256332941  0.0676635504
  6.96427298  0.0145655191  0.070876345
  6.99495268  0.00312762428  0.0722697526
  7.02563238 -0.00837998558  0.0718085766
  7.05631208 -0.0196554363  0.0695073903
  7.08699179 -0.0304035805  0.0654300451
  7.11767149 -0.040344093  0.0596878193
  7.14835072 -0.0492190793  0.052436281
  7.17903042 -0.0568000525  0.0438708402
  7.20971012 -0.0628941059  0.0342212841
  7.24038982 -0.0673489645  0.0237453263
  7.27106953 -0.0700569898  0.0127214901
  7.30174875 -0.0709578767  0.0014413005
  7.33242846 -0.0700399652 -0.0097986972
  7.36310816 -0.0673403516 -0.0207050331
  7.39378786 -0.062943317 -0.0309954789
  7.42446756 -0.0569779053 -0.040406391
  7.45514727 -0.049613867 -0.0486999191
  7.48582649 -0.0410567485 -0.0556702502
  7.5165062 -0.0315419212 -0.0611488707
  7.5471859 -0.0213278681 -0.0650088266
  7.5778656 -0.0106889019 -0.0671677515
  7.6085453  9.25068598E-05 -0.0675895885
  7.63922453  0.0107334731 -0.0662850514
  7.66990423  0.0209584832 -0.0633107647
  7.70058393  0.0305067655 -0.0587670989
  7.73126364  0.0391392149 -0.0527949184
  7.76194334  0.0466445833 -0.0455710962
  7.79262304  0.052844882 -0.0373032317
  7.82330227  0.0575996749 -0.0282234978
  7.85398197  0.0608093776 -0.0185819734
  7.88466167  0.0624172427 -0.00863938127
  7.91534138  0.0624102429  0.00133997912
  7.94602108  0.0608186051  0.0110956337
  7.97670078  0.0577142797  0.0203779601
  8.00738049  0.0532081313  0.0289547555
  8.03806019  0.0474462174  0.0366172791
  8.06873894  0.040605057  0.0431854613
  8.09941864  0.032886222  0.0485122427
  8.13009834  0.024510324  0.0524868742
  8.16077805  0.0157105178  0.055037193
  8.19145775  0.00672588637  0.0561306961
  8.22213745 -0.00220523332  0.0557745434
  8.25281715 -0.0108517287  0.0540144481
  8.28349686 -0.0189959109  0.0509324372
  8.31417656 -0.0264391005  0.0466437489
  8.34485626 -0.0330065861  0.0412928835
  8.37553596 -0.0385518521  0.0350486822
  8.40621471 -0.0429597199  0.0280993078
  8.43689442 -0.0461487472  0.0206463989
  8.46757412 -0.0480724834  0.0128991827
  8.49825382 -0.0487197526  0.00506853964
  8.52893353 -0.0481139012 -0.0026388804
  8.55961323 -0.046311155 -0.0100261979
  8.59029293 -0.0433980152 -0.0169114321
  8.62097263 -0.0394879691 -0.0231320057
  8.65165234 -0.0347174555 -0.0285486653
  8.68233204 -0.0292413626 -0.0330485366
  8.71301174 -0.0232281089 -0.0365473293
  8.74369144 -0.0168545693 -0.0389907286
  8.77437019 -0.0103157787 -0.0404134206
  8.8050499 -0.0037539464 -0.0407420658
  8.8357296  0.00265123835 -0.0400494151
  8.8664093  0.00874956511 -0.0384002663
  8.897089  0.0144101931 -0.0358814672
  8.92776871  0.0195255298 -0.0325966105
  8.95844841  0.0240136329 -0.0286598578
  8.98912811  0.0278189424 -0.0241892096
  9.01980782  0.0309112351 -0.0192995891
  9.05048752  0.0332826301 -0.0140963905
  9.08116722  0.0349430069 -0.00866999663
  9.11184597  0.0359138846 -0.0030915672
  9.14252567  0.0362215191  0.0025896295
  9.17320538  0.0358893946  0.00834724307
  9.20388508  0.0349303968  0.0141775208
  9.23456478  0.0333388373  0.0200977642
  9.26524448  0.0310819764  0.0261439495
  9.29592419  0.0280906372  0.032367453
  9.32660389  0.0242481492  0.0388309695
  9.35728359  0.019376101  0.045603063
  9.38796329  0.0132162636  0.0527508147
  9.418643  0.0054052039  0.0603279658
  9.44932175 -0.00455974275  0.0683583468
  9.48000145 -0.0173681118  0.0768059567
  9.51068115 -0.0339617394  0.0855295882
  9.54136086 -0.0556252003  0.0942073539
  9.57204056 -0.0841103494  0.102214061
  9.60272026 -0.121806227  0.108421303
  9.63339996 -0.171969712  0.110871531
  9.66407967 -0.239030987  0.106244393
