# Run:  mapbbr_025_     Thu Nov 09 07:18:13 2017                                  
# slot 8 #2 anneal MAPbBr3   annealed T=145 K;  Pb  edge sample at 60 deg.  trans;
# Gains 2e7 5e7 2e7  slits 0.4X6  detune 40% (to 60% max) at edge                 
# 4-1 phi=0                                                                       
#                                                                                 
#                                                                                 
# TABLEVERT: 20.551984	TABLEHORZ: 12.526984	DETHOR: 225.000000	VERTGAP1: 0.400000	
# Region: Pb-L10.rgn      Detector: trans.det                                     
# SSRL BEAMLINE                                                                   
#                                                                                 
# TRANSMISSION; P= -1.00 REMOVED FROM     0. TO 12980. EV, ORDER=  4              
# Used Victoreen formula with Pb LIII                                             
# Normalized by edge height:  0.3266                                              
# SPL:E0=13040.00; 5 FIX KNOTS FROM 13054.36-13428.54(K=10.1);P=1.00              
#   SPL KNOTS(28 max):  14.36 107.26 200.16 293.06 385.96                         
#  *** Average of   6 Files; MULT. Factor=  1.0000  1.0000  1.0000  1.0000  1.0000
#    1.00                                                                         
#  Files: cam_mapbr/ks/026b1gg      cam_mapbr/ks/026b2gg      cam_mapbr/ks/026b3gg
#         cam_mapbr/ks/025b1g       cam_mapbr/ks/025b2g       cam_mapbr/ks/025b3g 
#                                                                                 
# ----------------------------------------------------
  0.30507493 -0.142104477
  0.426359892 -0.188785076
  0.520337582 -0.217274725
  0.603601456 -0.23682718
  0.674989343 -0.248365477
  0.739344418 -0.254523903
  0.800133526 -0.255735278
  0.856619656 -0.25231424
  0.909604669 -0.24456495
  0.958465755 -0.232232571
  1.00380528 -0.216711208
  1.04938483 -0.196360216
  1.09200943 -0.174116477
  1.13201272 -0.150906846
  1.17261946 -0.126346827
  1.21186626 -0.102419131
  1.24988139 -0.0809202418
  1.28408122 -0.0632374287
  1.32089186 -0.0470113568
  1.35585356 -0.0349385925
  1.3891058 -0.0264122132
  1.4207685 -0.0207513049
  1.45421135 -0.0174708497
  1.48526323 -0.0162541848
  1.51643991 -0.0167065039
  1.54549611 -0.0176098477
  1.57474911 -0.0191018227
  1.60498667 -0.0205513053
  1.63176072 -0.0216081217
  1.66018867 -0.022441633
  1.68745446 -0.0226467121
  1.71503413 -0.0226184949
  1.74276602 -0.021405302
  1.7681793 -0.0199196283
  1.79380429 -0.0183975976
  1.81977308 -0.0163513198
  1.84530675 -0.0134944469
  1.86925817 -0.0100216642
  1.89297402 -0.00611747196
  1.9175334 -0.00143598288
  1.94184816  0.00343304989
  1.96586215  0.00744762039
  1.9848125  0.0106925396
  2.01003575  0.0145889446
  2.05101013  0.020488454
  2.09289765  0.0240701288
  2.13504434  0.0243765805
  2.17637491  0.020956777
  2.21797562  0.0139777549
  2.25988841  0.0038174307
  2.30410004 -0.0083277896
  2.34895301 -0.0207866151
  2.39200115 -0.031555593
  2.43670917 -0.0403581336
  2.4806118 -0.0458409302
  2.52562976 -0.0472893417
  2.57030773 -0.0453956872
  2.61471295 -0.0402527377
  2.66054559 -0.0325428024
  2.70474887 -0.0242540687
  2.74912739 -0.0161961596
  2.79573703 -0.0110110128
  2.84072495 -0.00811627228
  2.88669944 -0.00645209523
  2.93273997 -0.00423779758
  2.97884393 -0.000635849603
  3.02505016  0.00522501767
  3.07172966  0.0120821474
  3.11581874  0.0207470562
  3.16188836  0.0306034088
  3.21029258  0.0413685553
  3.25683665  0.0513561256
  3.3045485  0.0589161105
  3.35230803  0.0611944683
  3.39969802  0.0574677847
  3.44751501  0.0490776002
  3.49332047  0.0381416418
  3.5412128  0.027554052
  3.58846617  0.0180121623
  3.63514042  0.00984786358
  3.68313789  0.00380583759
  3.73020864 -0.000460220734
  3.77699828 -0.00296160509
  3.82294679 -0.00390386465
  3.87288713 -0.0053993687
  3.91983771 -0.00626090588
  3.96800995 -0.00727393664
  4.01649809 -0.00929276925
  4.06529093 -0.0127495676
  4.11266327 -0.0169521105
  4.15977335 -0.0202691462
  4.20864153 -0.0212254319
  4.25721979 -0.0187892336
  4.30554724 -0.0136301769
  4.35442829 -0.00750799337
  4.40168858 -0.00261365739
  4.45034838 -0.000791290367
  4.497684 -0.00178022834
  4.5453167 -0.00601326628
  4.59376717 -0.0128931375
  4.6414628 -0.0210922193
  4.6907239 -0.0293962434
  4.74171734 -0.036935389
  4.7907238 -0.0420574434
  4.83896875 -0.045081865
  4.88676357 -0.045336064
  4.93458891 -0.0439141877
  4.98342228 -0.0390329249
  5.03341198 -0.0311659053
  5.08177471 -0.0209481418
  5.12993097 -0.0101201823
  5.17833281  0.00290711946
  5.22628689  0.0154056065
  5.27540874  0.0279518068
  5.32655716  0.0404920876
  5.37523937  0.0494332947
  5.42438316  0.0576523095
  5.47198486  0.0635741055
  5.52224064  0.06722074
  5.57098532  0.068130739
  5.61953497  0.0578749962
  5.66766882  0.0450109541
  5.71772957  0.0266640857
  5.76673365  0.0100544551
  5.81349468 -0.00931171235
  5.86215734 -0.0252682865
  5.91163397 -0.0388401337
  5.96211863 -0.0478591286
  6.011796 -0.0545441844
  6.06127787 -0.0572558828
  6.11000204 -0.0567240752
  6.15873623 -0.0544273257
  6.20729446 -0.0475582741
  6.25740194 -0.0388177224
  6.30772114 -0.0273868237
  6.3570776 -0.0140447738
  6.40513277  0.000469313323
  6.45286989  0.0162336044
  6.50339127  0.0335556753
  6.5529952  0.0501350947
  6.60115862  0.0650255606
  6.65097809  0.0769211426
  6.70025492  0.0817113444
  6.74848795  0.0796925128
  6.79692554  0.0697180554
  6.84698677  0.0538038611
  6.89824581  0.0327107795
  6.94622993  0.0115292175
  6.99491119 -0.00805869885
  7.04705906 -0.0260643046
  7.09441662 -0.0390701145
  7.14300299 -0.0508872122
  7.19313335 -0.0597137995
  7.24293375 -0.0641575679
  7.29091787 -0.0668409169
  7.33975792 -0.0663505867
  7.39418983 -0.0598152317
  7.43818283 -0.0550575666
  7.49243021 -0.0452815853
  7.53603697 -0.0349689014
  7.58914566 -0.0203725304
  7.63319063 -0.00539507112
  7.69009686  0.016348049
  7.73454523  0.0337685011
  7.78842402  0.0515513271
  7.83313179  0.0628966168
  7.88900232  0.072029613
  7.93194771  0.0709747896
  7.98778582  0.0642450228
  8.03223038  0.0528410189
  8.08712196  0.036961738
  8.1293993  0.0229785684
  8.18608189  0.00807032827
  8.22819328 -0.00590951368
  8.28364372 -0.0186370332
  8.33131218 -0.0279628094
  8.38003922 -0.0355972387
  8.42805862 -0.0419243574
  8.47815132 -0.0457979105
  8.52767849 -0.0479361862
  8.57793617 -0.0466090105
  8.62864304 -0.0443817936
  8.67738628 -0.0398169309
  8.72700214 -0.0317412168
  8.77747631 -0.0206086431
  8.82546902 -0.00757462485
  8.87626457  0.00684228027
  8.92460251  0.0200381503
  8.97339439  0.0323682763
  9.02465057  0.0426496863
  9.07335567  0.045620203
  9.12209702  0.0455542803
  9.17233944  0.0413194634
  9.22179508  0.03438811
  9.27129078  0.025606513
  9.32239342  0.0160066783
  9.3712759  0.00815376174
  9.42150974 -0.0013534209
  9.47227573 -0.00884264708
  9.52085972 -0.0145742325
  9.56908894 -0.0196881518
  9.61903667 -0.0241577774
  9.66900444 -0.0261309464
  9.71874237 -0.0277488958
  9.7687645 -0.0260867085
  9.82032013 -0.0210565049
  9.86774921 -0.0139460899
  9.91698074 -0.00347456452
  9.9657383  0.00964731071
  10.015666  0.0288212765
  10.0681992  0.0495882742
  10.1154537  0.0578118861
  10.165453  0.0673314258
  10.2163382  0.0789978057
  10.2656708  0.0903427303
  10.3159981  0.109325252
  10.3644238  0.139176205
  10.4151735  0.188205197
