# Run:  mapbbr_040_     Thu Nov 09 16:42:56 2017                                  
# slot 8 #2  anneal MAPbBr3   annealed T=200 K;  Pb edge sample at 60 deg.  trans;
# Gains 2e7 5e7 2e7  slits 0.4X6  detune 40% (to 60% max) at edge                 
# 4-1 phi=0                                                                       
#                                                                                 
#                                                                                 
# TABLEVERT: 20.536905	TABLEHORZ: 12.526984	DETHOR: 225.000000	VERTGAP1: 0.400000	
# Region: Pb-L10.rgn      Detector: trans.det                                     
# SSRL BEAMLINE                                                                   
#                                                                                 
# TRANSMISSION; P= -1.00 REMOVED FROM     0. TO 12980. EV, ORDER=  4              
# Used Victoreen formula with Pb LIII                                             
# Normalized by edge height:  0.3200                                              
# SPL:E0=13040.00; 5 FIX KNOTS FROM 13054.33-13428.54(K=10.1);P=1.00              
#   SPL KNOTS(28 max):  14.33 107.21 200.10 292.98 385.87                         
# k-SPACE-WINDOW ENDPTS=  3.30,  9.70;SIG= 0.200;SHIFT=  0.00eV;POWER OF k=  1    
#  *** Average of   6 Files; MULT. Factor=  1.0000  1.0000  1.0000  1.0000  1.0000
#    1.00                                                                         
#  Files: cam_mapbr/rs/038b1gg      cam_mapbr/rs/038b2gg      cam_mapbr/rs/038b3gg
#         cam_mapbr/rs/040b1g       cam_mapbr/rs/040b2g       cam_mapbr/rs/040b3g 
#                                                                                 
# r-SPACE ENDPTS=  1.90,  3.40;SIG= 0.100;R-SHIFT= 0.000; WINDOW REMOVED=YES      
# ----------------------------------------------------
  3.28271914 -0.0038471513 -0.0227912795
  3.31339884  0.00216406607 -0.0113727944
  3.3440783  0.00399766583 -0.00367175485
  3.37475801  0.0037057919  0.00127536256
  3.40543771  0.00243435986  0.00424717087
  3.43611717  0.000807083619  0.00583421485
  3.46679688 -0.000850172888  0.00646758964
  3.49747634 -0.00237822207  0.0064533269
  3.52815604 -0.00370901264  0.00600446574
  3.55883574 -0.00482206466  0.00526666781
  3.58951521 -0.0057196836  0.00433792127
  3.62019491 -0.00641329121  0.0032831952
  3.65087461 -0.00691589992  0.00214517443
  3.68155408 -0.00723831682  0.000952048576
  3.71223378 -0.00738741504 -0.000276737002
  3.74291348 -0.00736571336 -0.00152624503
  3.77359295 -0.00717166858 -0.00278281886
  3.80427265 -0.00680055609 -0.00403165305
  3.83495235 -0.00624569971 -0.00525494479
  3.86563182 -0.00550012663 -0.00643066736
  3.89631152 -0.00455839047 -0.00753187388
  3.92699099 -0.003418596 -0.00852660183
  3.95767069 -0.00208443357 -0.00937855989
  3.98835039 -0.000566996983 -0.0100482525
  4.01903009  0.00111373805 -0.010494912
  4.0497098  0.00292801415 -0.010678811
  4.08038902  0.00483606849 -0.0105638569
  4.11106873  0.00678869383 -0.0101202596
  4.14174843  0.00872848276 -0.00932698045
  4.17242813  0.0105917221 -0.00817384105
  4.20310783  0.0123107135 -0.00666308124
  4.23378706  0.0138164693 -0.0048103286
  4.26446676  0.0150301112 -0.00264296005
  4.29514647  0.015915513 -0.000209766469
  4.32582617  0.0163992196  0.0024387585
  4.35650587  0.0164348017  0.00523498235
  4.38718557  0.0159874335  0.0081018582
  4.4178648  0.0150357308  0.0109549295
  4.4485445  0.0135732647  0.0137048075
  4.47922421  0.0116095608  0.0162597038
  4.50990391  0.00917070545  0.018528387
  4.54058361  0.00629938021  0.0204231739
  4.57126284  0.00305438181  0.0218629222
  4.60194254 -0.000490441744  0.022776017
  4.63262224 -0.00424777111  0.0231031179
  4.66330194 -0.00811890606  0.02279968
  4.69398165 -0.0119963083  0.0218380615
  4.72466135 -0.0157665797  0.0202092491
  4.75534058 -0.0193137024  0.0179239996
  4.78602028 -0.0225225426  0.0150134256
  4.81669998 -0.0252824128  0.0115289791
  4.84737968 -0.0274907462  0.00754175894
  4.87805939 -0.0290565491  0.00314119691
  4.90873861 -0.0299036596 -0.00156686059
  4.93941832 -0.0299737975 -0.00646278402
  4.97009802 -0.0292289089 -0.0114160674
  5.00077772 -0.0276532397 -0.0162889361
  5.03145742 -0.0252546351 -0.020940166
  5.06213713 -0.0220652539 -0.025229184
  5.09281635 -0.0181414988 -0.0290203039
  5.12349606 -0.0135632297 -0.0321869366
  5.15417576 -0.00843224861 -0.0346156769
  5.18485546 -0.00287007494 -0.0362101085
  5.21553516  0.00298499386 -0.0368942469
  5.24621487  0.0089813564 -0.0366154723
  5.27689409  0.0149581376 -0.0353468135
  5.3075738  0.0207495596 -0.0330885686
  5.3382535  0.0261896756 -0.029869156
  5.3689332  0.0311171487 -0.0257451385
  5.3996129  0.0353800729 -0.020800449
  5.43029213  0.0388407595 -0.0151446592
  5.46097183  0.0413798988 -0.00891066436
  5.49165154  0.0429006778 -0.00225141924
  5.52233124  0.0433321185  0.00466391491
  5.55301094  0.0426317751  0.0116543714
  5.58369064  0.0407876931  0.0185321011
  5.61436987  0.0378194787  0.0251075625
  5.64504957  0.0337785371  0.0311948769
  5.67572927  0.0287473071  0.0366171934
  5.70640898  0.022837637  0.0412119739
  5.73708868  0.0161882546  0.0448358543
  5.76776791  0.00896139164  0.0473691709
  5.79844761  0.00133872184  0.0487197824
  5.82912731 -0.00648343517  0.0488262437
  5.85980701 -0.0142993368  0.0476601347
  5.89048672 -0.0218994077  0.0452274531
  5.92116642 -0.0290761869  0.0415690839
  5.95184565 -0.0356299914  0.0367602333
  5.98252535 -0.0413747914  0.0309089031
  6.01320505 -0.0461435728  0.0241533909
  6.04388475 -0.0497933067  0.016658904
  6.07456446 -0.0522093102  0.0086133182
  6.10524368 -0.0533088334  0.000222279021
  6.13592339 -0.0530437976 -0.00829629786
  6.16660309 -0.0514025427 -0.0167180952
  6.19728279 -0.048410669 -0.0248185974
  6.22796249 -0.0441307016 -0.0323792845
  6.2586422 -0.0386607833 -0.0391937643
  6.28932142 -0.0321323425 -0.0450735949
  6.32000113 -0.024706766 -0.0498537049
  6.35068083 -0.0165712256 -0.0533971414
  6.38136053 -0.00793377962 -0.0555991158
  6.41204023  0.000982362428 -0.0563901402
  6.44271946  0.00994463358 -0.0557382032
  6.47339916  0.0187176056 -0.0536499023
  6.50407887  0.0270694084 -0.050170511
  6.53475857  0.0347780921 -0.0453829765
  6.56543827  0.0416378193 -0.0394058153
  6.59611797  0.0474645533 -0.0323900059
  6.6267972  0.0521011837 -0.0245150253
  6.6574769  0.0554219335 -0.01598401
  6.6881566  0.0573358797 -0.00701824576
  6.71883631  0.0577895492  0.00214881729
  6.74951601  0.0567683801  0.0112779411
  6.78019571  0.0542972051  0.020130584
  6.81087494  0.0504396148  0.0284754708
  6.84155464  0.0452961735  0.0360948592
  6.87223434  0.0390017144  0.0427904464
  6.90291405  0.0317214988  0.0483888574
  6.93359375  0.0236468632  0.0527461506
  6.96427298  0.0149898091  0.0557517782
  6.99495268  0.00597722223  0.0573314838
  7.02563238 -0.00315531623  0.0574491546
  7.05631208 -0.0121700084  0.0561077185
  7.08699179 -0.0208332799  0.0533488058
  7.11767149 -0.0289220978  0.0492514931
  7.14835072 -0.036229942  0.043929901
  7.17903042 -0.042572327  0.0375299044
  7.20971012 -0.0477916375  0.0302249584
  7.24038982 -0.05176121  0.0222111829
  7.27106953 -0.0543884821  0.0137019223
  7.30174875 -0.0556172542  0.00492176972
  7.33242846 -0.0554288328 -0.00389958615
  7.36310816 -0.0538422503 -0.012533579
  7.39378786 -0.0509132445 -0.0207590833
  7.42446756 -0.0467324704 -0.0283680856
  7.45514727 -0.0414226241 -0.0351713188
  7.48582649 -0.0351346955 -0.0410030931
  7.5165062 -0.0280436333 -0.0457254797
  7.5471859 -0.0203432217 -0.049231682
  7.5778656 -0.0122406427 -0.0514484905
  7.6085453 -0.00395067502 -0.0523377694
  7.63922453  0.00431018183 -0.0518969819
  7.66990423  0.0123296166 -0.0501587205
  7.70058393  0.0199051388 -0.0471892245
  7.73126364  0.0268493891 -0.0430860966
  7.76194334  0.0329948999 -0.0379750878
  7.79262304  0.0381983072 -0.0320062377
  7.82330227  0.0423437394 -0.0253493693
  7.85398197  0.0453454442 -0.0181891751
  7.88466167  0.0471494794 -0.010719819
  7.91534138  0.047734566 -0.00313971331
  7.94602108  0.0471119732  0.00435406202
  7.97670078  0.0453244783  0.0115710003
  8.00738049  0.042444624  0.0183321498
  8.03806019  0.0385719836  0.0244747046
  8.06873894  0.0338299051  0.0298559982
  8.09941864  0.0283616204  0.0343568884
  8.13009834  0.0223258883  0.0378843769
  8.16077805  0.0158923119  0.0403734744
  8.19145775  0.00923649594  0.0417882539
  8.22213745  0.00253514713  0.042121999
  8.25281715 -0.00403871061  0.0413966663
  8.28349686 -0.0103203375  0.0396614671
  8.31417656 -0.0161574744  0.0369907431
  8.34485626 -0.021414075  0.0334813111
  8.37553596 -0.0259735826  0.0292490143
  8.40621471 -0.0297413748  0.0244252328
  8.43689442 -0.0326467305  0.0191526879
  8.46757412 -0.0346439518  0.0135812769
  8.49825382 -0.0357128046  0.00786378421
  8.52893353 -0.0358582139  0.00215162593
  8.55961323 -0.035109289 -0.00340920151
  8.59029293 -0.0335176922 -0.00868189242
  8.62097263 -0.0311554428 -0.0135422107
  8.65165234 -0.028112229 -0.0178814344
  8.68233204 -0.0244923234 -0.0216087308
  8.71301174 -0.0204111766 -0.0246529598
  8.74369144 -0.0159918852 -0.0269638468
  8.77437019 -0.0113779986 -0.0285539553
  8.8050499 -0.00666318228 -0.0293610618
  8.8357296 -0.00198138994 -0.0294253677
  8.8664093  0.00255633984 -0.0287829451
  8.897089  0.00685141282 -0.0274867229
  8.92776871  0.0108207576 -0.0256029144
  8.95844841  0.0143988961 -0.0232068598
  8.98912811  0.0175389573 -0.0203783084
  9.01980782  0.0202124119 -0.0171964467
  9.05048752  0.022407433 -0.0137351351
  9.08116722  0.0241261385 -0.010058674
  9.11184597  0.0253806356 -0.00621832954
  9.14252567  0.0261884369 -0.00224987022
  9.17320538  0.0265673622  0.00182786479
  9.20388508  0.0265301634  0.0060135005
  9.23456478  0.0260789357  0.0103229452
  9.26524448  0.0251991544  0.0147887403
  9.29592419  0.0238530952  0.0194590837
  9.32660389  0.021971954  0.0243966077
  9.35728359  0.0194456726  0.029676836
  9.38796329  0.0161099061  0.0353861339
  9.418643  0.0117273852  0.0416178033
  9.44932175  0.00596268009  0.0484666862
  9.48000145 -0.00165424333  0.056017153
  9.51068115 -0.0117790056  0.0643240288
  9.54136086 -0.0253255535  0.0733781382
  9.57204056 -0.0435697995  0.0830468908
  9.60272026 -0.0682971925  0.0929723307
  9.63339996 -0.102013581  0.102397993
  9.66407967 -0.148244306  0.109873928
