#  PbBr3 lo-T                                                       Feff  7.02    
#  Abs   Z=35 Rmt= 1.521 Rnm= 1.828 K  shell                                      
#  Pot 1 Z=82 Rmt= 1.570 Rnm= 1.920                                               
#     file         sig2 tot  cw amp ratio   deg  nlegs   reff  inp sig2           
#           1       0.00000    100.00      2.00     2   3.1178                    
# r_pair= 3.1178  Amp normalized by   2                                           
# ----------------------------------------------------
  0.  0.
  0.0500000007  0.0154764326
  0.100000001  0.0309547447
  0.150000006  0.0464369245
  0.200000003  0.0619222932
  0.25  0.0773975328
  0.300000012  0.0928706452
  0.349999994  0.108288981
  0.400000006  0.123690151
  0.449999988  0.138947636
  0.5  0.154159844
  0.550000012  0.169105396
  0.600000024  0.18396534
  0.649999976  0.198403895
  0.699999988  0.21270524
  0.75  0.226415247
  0.800000012  0.239927411
  0.850000024  0.252685666
  0.899999976  0.265180647
  0.949999988  0.276784748
  1.  0.288059562
  1.04999995  0.298348695
  1.10000002  0.308246046
  1.14999998  0.317121267
  1.20000005  0.325549871
  1.25  0.332986176
  1.29999995  0.339932173
  1.35000002  0.345989972
  1.39999998  0.351528168
  1.45000005  0.3563537
  1.5  0.360646158
  1.54999995  0.364477694
  1.60000002  0.367780864
  1.64999998  0.370935112
  1.70000005  0.373583883
  1.75  0.376337737
  1.79999995  0.378621072
  1.85000002  0.380292356
  1.89999998  0.381485581
  1.95000005  0.377466887
  2.  0.372727305
  2.04999995  0.368431449
  2.0999999  0.363471568
  2.1500001  0.357847571
  2.20000005  0.35155949
  2.25  0.355190575
  2.29999995  0.358627915
  2.3499999  0.3618716
  2.4000001  0.36492151
  2.45000005  0.369151294
  2.5  0.373243213
  2.54999995  0.377197534
  2.5999999  0.381014168
  2.6500001  0.383830875
  2.70000005  0.386477262
  2.75  0.388953507
  2.79999995  0.391259551
  2.8499999  0.391507208
  2.9000001  0.391518414
  2.95000005  0.391292989
  3.  0.390831262
  3.04999995  0.388761997
  3.0999999  0.386411309
  3.1500001  0.383779258
  3.20000005  0.380865723
  3.25  0.376969635
  3.29999995  0.372770399
  3.3499999  0.368268281
  3.4000001  0.363463223
  3.45000005  0.35872072
  3.5  0.353685647
  3.54999995  0.348358154
  3.5999999  0.342738479
  3.6500001  0.337390542
  3.70000005  0.331765622
  3.75  0.325863808
  3.79999995  0.319685191
  3.8499999  0.314041466
  3.9000001  0.308141857
  3.95000005  0.301986545
  4.  0.295575261
  4.05000019  0.289678544
  4.0999999  0.283544779
  4.1500001  0.277174443
  4.19999981  0.270567
  4.25  0.263993412
  4.30000019  0.257189095
  4.3499999  0.250154316
  4.4000001  0.242889315
  4.44999981  0.23558934
  4.5  0.228063315
  4.55000019  0.220311269
  4.5999999  0.212333098
  4.6500001  0.204314098
  4.69999981  0.196073011
  4.75  0.187609822
  4.80000019  0.178924561
  4.8499999  0.169967875
  4.9000001  0.160788119
  4.94999981  0.151385263
  5.  0.141759276
  5.05000019  0.131728932
  5.0999999  0.121471867
  5.1500001  0.110988155
  5.19999981  0.100277722
  5.25  0.0898481458
  5.30000019  0.0792015493
  5.3499999  0.0683379099
  5.4000001  0.0572572723
  5.44999981  0.046800144
  5.5  0.0361413956
  5.55000019  0.0252810698
  5.5999999  0.0142192086
  5.6500001  0.0174910296
  5.69999981  0.020818511
  5.75  0.0242016576
  5.80000019  0.0276404973
  5.8499999  0.0370155312
  5.9000001  0.0465467609
  5.94999981  0.0562341735
  6.  0.0660777763
  6.05000019  0.0735291168
  6.0999999  0.0810945332
  6.1500001  0.0887739956
  6.19999981  0.0965675116
  6.25  0.104475126
  6.30000019  0.112496771
  6.3499999  0.120632462
  6.4000001  0.128882259
  6.44999981  0.137246072
  6.5  0.145723969
  6.55000019  0.151381001
  6.5999999  0.157107249
  6.6500001  0.162902743
  6.69999981  0.168767497
  6.75  0.174701512
  6.80000019  0.180704758
  6.8499999  0.186777264
  6.9000001  0.192919046
  6.94999981  0.199130043
  7.  0.205410331
  7.05000019  0.209304258
  7.0999999  0.213232592
  7.1500001  0.217195362
  7.19999981  0.221192539
  7.25  0.225224197
  7.30000019  0.229290232
  7.3499999  0.233390659
  7.4000001  0.237525553
  7.44999981  0.241694838
  7.5  0.24589856
  7.55000019  0.247677863
  7.5999999  0.249458984
  7.6500001  0.251241982
  7.69999981  0.253026754
  7.75  0.254813492
  7.80000019  0.256602019
  7.8499999  0.258392423
  7.9000001  0.260184646
  7.94999981  0.261978716
  8.  0.263774723
  8.05000019  0.263875991
  8.10000038  0.263958067
  8.14999962  0.26402089
  8.19999981  0.26406455
  8.25  0.264088899
  8.30000019  0.264094085
  8.35000038  0.264080048
  8.39999962  0.264046788
  8.44999981  0.263994277
  8.5  0.263922602
  8.55000019  0.263341159
  8.60000038  0.262734741
  8.64999962  0.262103349
  8.69999981  0.261447042
  8.75  0.260765791
  8.80000019  0.260059565
  8.85000038  0.259328365
  8.89999962  0.258572191
  8.94999981  0.257791072
  9.  0.256984979
  9.05000019  0.256200373
  9.10000038  0.25539133
  9.14999962  0.254557759
  9.19999981  0.253699809
  9.25  0.252817392
  9.30000019  0.251910567
  9.35000038  0.250979215
  9.39999962  0.250023454
  9.44999981  0.249043256
  9.5  0.24803862
  9.55000019  0.247459546
  9.60000038  0.246860787
  9.64999962  0.246242225
  9.69999981  0.245603949
  9.75  0.244945943
  9.80000019  0.244268253
  9.85000038  0.24357076
  9.89999962  0.242853537
  9.94999981  0.2421166
  10.  0.241359964
  10.0500002  0.242043436
  10.1000004  0.242721692
  10.1499996  0.243394718
  10.1999998  0.244062558
  10.25  0.244725212
  10.3000002  0.245382637
  10.3500004  0.246034831
  10.3999996  0.246681824
  10.4499998  0.247323632
  10.5  0.24796024
  10.5500002  0.248591617
  10.6000004  0.249217868
  10.6499996  0.249838829
  10.6999998  0.250454575
  10.75  0.251065135
  10.8000002  0.25167048
  10.8500004  0.252270639
  10.8999996  0.252865553
  10.9499998  0.253455311
  11.  0.254039824
  11.0500002  0.255570799
  11.1000004  0.257105231
  11.1499996  0.258643031
  11.1999998  0.260184228
  11.25  0.261728853
  11.3000002  0.263276875
  11.3500004  0.264828324
  11.3999996  0.266383141
  11.4499998  0.267941296
  11.5  0.269502938
  11.5500002  0.271068007
  11.6000004  0.272636473
  11.6499996  0.274208307
  11.6999998  0.275783569
  11.75  0.277362257
  11.8000002  0.278944314
  11.8500004  0.280529797
  11.8999996  0.282118648
  11.9499998  0.283710957
  12.  0.285306633
  12.0500002  0.287623197
  12.1000004  0.289949179
  12.1499996  0.292284429
  12.1999998  0.294629097
  12.25  0.296983093
  12.3000002  0.299346507
  12.3500004  0.301719248
  12.3999996  0.304101288
  12.4499998  0.306492776
  12.5  0.308893561
  12.5500002  0.311303765
  12.6000004  0.313723266
  12.6499996  0.316152185
  12.6999998  0.318590462
  12.75  0.321038008
  12.8000002  0.32349503
  12.8500004  0.325961351
  12.8999996  0.32843703
  12.9499998  0.330922097
  13.  0.333416492
  13.0500002  0.33490321
  13.1000004  0.336391538
  13.1499996  0.337881327
  13.1999998  0.339372724
  13.25  0.340865731
  13.3000002  0.342360318
  13.3500004  0.343856394
  13.3999996  0.34535405
  13.4499998  0.346853316
  13.5  0.348354101
  13.5500002  0.349856496
  13.6000004  0.35136047
  13.6499996  0.352865994
  13.6999998  0.354373008
  13.75  0.355881661
  13.8000002  0.357391864
  13.8500004  0.358903676
  13.8999996  0.360416949
  13.9499998  0.36193186
  14.  0.363448381
  14.0500002  0.364993215
  14.1000004  0.366539806
  14.1499996  0.368088096
  14.1999998  0.369638264
  14.25  0.371190131
  14.3000002  0.372743726
  14.3500004  0.374299079
  14.3999996  0.375856191
  14.4499998  0.377415121
  14.5  0.378975779
  14.5500002  0.380538166
  14.6000004  0.382102311
  14.6499996  0.383668214
  14.6999998  0.385235906
  14.75  0.386805356
  14.8000002  0.388376504
  14.8500004  0.389949441
  14.8999996  0.391524106
  14.9499998  0.393100619
  15.  0.394678831
  15.0500002  0.39515397
  15.1000004  0.395623475
  15.1499996  0.396087527
  15.1999998  0.396545887
  15.25  0.396998703
  15.3000002  0.397445887
  15.3500004  0.397887588
  15.3999996  0.398323596
  15.4499998  0.39875406
  15.5  0.399179012
  15.5500002  0.399598271
  15.6000004  0.400011986
  15.6499996  0.40042007
  15.6999998  0.400822669
  15.75  0.401219636
  15.8000002  0.40161103
  15.8500004  0.401996791
  15.8999996  0.40237698
  15.9499998  0.402751625
  16.  0.403120637
  16.0499992  0.404426396
  16.1000004  0.405732483
  16.1499996  0.407038748
  16.2000008  0.408345431
  16.25  0.409652323
  16.2999992  0.410959482
  16.3500004  0.41226697
  16.3999996  0.413574696
  16.4500008  0.414882809
  16.5  0.416191071
  16.5499992  0.417499691
  16.6000004  0.418808669
  16.6499996  0.420117885
  16.7000008  0.42142731
  16.75  0.422737092
  16.7999992  0.424047142
  16.8500004  0.425357491
  16.8999996  0.426668108
  16.9500008  0.427979082
  17.  0.429290295
  17.0499992  0.429627061
  17.1000004  0.429958463
  17.1499996  0.430284381
  17.2000008  0.430604935
  17.25  0.430919975
  17.2999992  0.431229621
  17.3500004  0.431533903
  17.3999996  0.431832671
  17.4500008  0.432126075
  17.5  0.432413995
  17.5499992  0.432696551
  17.6000004  0.432973683
  17.6499996  0.433245331
  17.7000008  0.433511555
  17.75  0.433772355
  17.7999992  0.434027642
  17.8500004  0.434277624
  17.8999996  0.434522122
  17.9500008  0.434761196
  18.  0.434994817
  18.0499992  0.43436715
  18.1000004  0.433729291
  18.1499996  0.43308121
  18.2000008  0.432423025
  18.25  0.431754619
  18.2999992  0.431076109
  18.3500004  0.430387288
  18.3999996  0.429688454
  18.4500008  0.428979397
  18.5  0.428260177
  18.5499992  0.427530646
  18.6000004  0.426791102
  18.6499996  0.426041394
  18.7000008  0.425281465
  18.75  0.424511313
  18.7999992  0.423731029
  18.8500004  0.422940642
  18.8999996  0.422140002
  18.9500008  0.42132917
  19.  0.420508236
  19.0499992  0.419010252
  19.1000004  0.417498678
  19.1499996  0.415973485
  19.2000008  0.414434522
  19.25  0.412881881
  19.2999992  0.41131559
  19.3500004  0.40973562
  19.3999996  0.408141941
  19.4500008  0.406534702
  19.5  0.404913694
  19.5499992  0.403279066
  19.6000004  0.401630789
  19.6499996  0.399968743
  19.7000008  0.398293108
  19.75  0.396603733
  19.7999992  0.394900739
  19.8500004  0.393184036
  19.8999996  0.391453624
  19.9500008  0.389709651
  20.  0.387952
